0 0.3375 0.05234375 0.03984375 0.03828125
0 0.42890625 0.50546875 0.03828125 0.04375
0 0.7515625 0.44765625 0.03984375 0.03984375
0 0.1296875 0.93515625 0.04765625 0.0484375
0 0.26328125 0.98828125 0.03125 0.0234375
0 0.89375 0.74375 0.04140625 0.0359375
0 0.84375 0.84140625 0.02890625 0.0328125
0 0.42734375 0.8921875 0.04375 0.04296875
0 0.43125 0.1609375 0.03671875 0.04140625
0 0.621875 0.29375 0.03984375 0.04296875
0 0.78984375 0.13828125 0.0359375 0.03125
0 0.91796875 0.125 0.03828125 0.0359375
0 0.1125 0.728125 0.03828125 0.03046875
0 0.1546875 0.65625 0.0359375 0.03671875
0 0.1875 0.63671875 0.04140625 0.034375
0 0.5390625 0.7953125 0.034375 0.03671875
0 0.86484375 0.89453125 0.04375 0.0328125
0 0.77890625 0.653125 0.02890625 0.03671875
0 0.6921875 0.62734375 0.0359375 0.02890625
0 0.72265625 0.61875 0.02578125 0.02578125
0 0.97578125 0.4046875 0.03046875 0.034375
0 0.6265625 0.67265625 0.03046875 0.02890625
0 0.60546875 0.64921875 0.03046875 0.02890625
0 0.675 0.51796875 0.02578125 0.02734375
0 0.65859375 0.50078125 0.0234375 0.0234375