0 0.79375 0.12421875 0.046875 0.04375
0 0.77265625 0.89140625 0.04375 0.04140625
0 0.57890625 0.72578125 0.04765625 0.04296875
0 0.52890625 0.04140625 0.03046875 0.0328125
0 0.865625 0.8265625 0.0453125 0.04375
0 0.4078125 0.16484375 0.0421875 0.0375
0 0.47734375 0.70703125 0.05078125 0.046875
0 0.7703125 0.4953125 0.04375 0.03984375
0 0.77578125 0.4625 0.0359375 0.034375
0 0.41015625 0.196875 0.04140625 0.03828125
0 0.7453125 0.07421875 0.034375 0.03828125
0 0.2484375 0.67265625 0.03828125 0.03828125
0 0.28046875 0.30078125 0.03671875 0.04296875
0 0.50859375 0.4109375 0.0359375 0.0375
0 0.5296875 0.38828125 0.0453125 0.03828125
0 0.8953125 0.65234375 0.03046875 0.034375
0 0.18125 0.88203125 0.04140625 0.03828125
0 0.39609375 0.91484375 0.02734375 0.03046875
0 0.8421875 0.7015625 0.02890625 0.03046875
0 0.83125 0.72265625 0.034375 0.03984375
0 0.80625 0.74296875 0.0453125 0.0453125
0 0.69453125 0.76796875 0.03828125 0.0375
0 0.68515625 0.7921875 0.02734375 0.03046875
0 0.71328125 0.790625 0.03984375 0.03828125
0 0.734375 0.80859375 0.03828125 0.0359375
0 0.48671875 0.54375 0.05234375 0.04296875
0 0.40703125 0.559375 0.0359375 0.03828125
0 0.3875 0.5359375 0.0421875 0.04140625
0 0.37734375 0.5125 0.02890625 0.03828125
0 0.49921875 0.9484375 0.04765625 0.03984375
0 0.2046875 0.37578125 0.03671875 0.046875
0 0.20234375 0.321875 0.0453125 0.0484375
0 0.25625 0.72421875 0.03828125 0.0453125