0 0.6953125 0.396875 0.0390625 0.04453125
0 0.75078125 0.55390625 0.0390625 0.040625
0 0.721875 0.66328125 0.0390625 0.0421875
0 0.48125 0.54609375 0.046875 0.0390625
0 0.91796875 0.48828125 0.0390625 0.0328125
0 0.9703125 0.4734375 0.03515625 0.034375
0 0.98515625 0.4921875 0.0296875 0.03359375
0 0.9515625 0.62421875 0.040625 0.0390625
0 0.9234375 0.653125 0.02421875 0.0328125
0 0.94609375 0.653125 0.0296875 0.028125
0 0.8125 0.6296875 0.0296875 0.0296875
0 0.7921875 0.63671875 0.028125 0.0328125
0 0.78984375 0.740625 0.028125 0.0296875
0 0.9375 0.88671875 0.04453125 0.04453125
0 0.32109375 0.8265625 0.03515625 0.04140625
0 0.6125 0.95546875 0.0390625 0.046875
0 0.6265625 0.92890625 0.04140625 0.03671875
0 0.76875 0.2421875 0.0359375 0.04140625
0 0.7875 0.2234375 0.0328125 0.0328125
0 0.51875 0.7578125 0.03515625 0.03828125
0 0.64140625 0.90625 0.03359375 0.02734375
0 0.71953125 0.9171875 0.040625 0.03828125
0 0.740625 0.93828125 0.04453125 0.03828125
0 0.69453125 0.821875 0.03828125 0.0359375
0 0.68125 0.84609375 0.03671875 0.03359375
0 0.66640625 0.86875 0.03828125 0.04453125
0 0.728125 0.8171875 0.03828125 0.04375
0 0.88046875 0.75546875 0.03359375 0.034375
0 0.53671875 0.71484375 0.0390625 0.034375
0 0.89609375 0.2921875 0.03671875 0.03828125
0 0.92734375 0.27578125 0.04453125 0.03984375
0 0.7171875 0.19765625 0.02578125 0.0328125
0 0.68359375 0.18671875 0.028125 0.034375
0 0.690625 0.1515625 0.03359375 0.0328125
0 0.71328125 0.17109375 0.03828125 0.03359375
0 0.6671875 0.08203125 0.0421875 0.03828125
0 0.55234375 0.121875 0.03515625 0.03671875
0 0.43046875 0.84765625 0.040625 0.0484375
0 0.221875 0.765625 0.04765625 0.05078125
0 0.1921875 0.7484375 0.02578125 0.03359375
0 0.21328125 0.734375 0.02578125 0.025
0 0.1921875 0.78046875 0.01640625 0.0203125
0 0.2421875 0.7890625 0.0203125 0.0171875
0 0.2015625 0.6578125 0.040625 0.03359375
0 0.19609375 0.6296875 0.0359375 0.03671875
0 0.16875 0.6390625 0.03046875 0.034375
0 0.1015625 0.57265625 0.04765625 0.04765625
0 0.06875 0.56796875 0.03828125 0.04453125
0 0.09765625 0.5390625 0.04140625 0.0359375
0 0.078125 0.59375 0.025 0.028125
0 0.03828125 0.5296875 0.03125 0.0390625
0 0.06328125 0.509375 0.0421875 0.03359375
0 0.27109375 0.4015625 0.025 0.02578125
0 0.2984375 0.3984375 0.0359375 0.03359375
0 0.321875 0.390625 0.03046875 0.0328125
0 0.3796875 0.31796875 0.04140625 0.0390625
0 0.3625 0.334375 0.02421875 0.02265625
0 0.39453125 0.29765625 0.02578125 0.0203125
0 0.4046875 0.125 0.04765625 0.04140625
0 0.37578125 0.11953125 0.02734375 0.04140625
0 0.34296875 0.121875 0.05234375 0.05234375
0 0.3171875 0.1109375 0.0359375 0.03828125
0 0.29453125 0.103125 0.03359375 0.03671875
0 0.26875 0.09453125 0.04375 0.03671875
0 0.24765625 0.0484375 0.03671875 0.03828125
0 0.21328125 0.084375 0.04140625 0.04765625
0 0.17578125 0.08046875 0.02734375 0.02734375
0 0.1875 0.01171875 0.03046875 0.02265625
0 0.15859375 0.0234375 0.0296875 0.0296875
0 0.1140625 0.090625 0.03359375 0.03359375
0 0.09609375 0.109375 0.03046875 0.03125
0 0.07265625 0.1484375 0.03515625 0.0359375
0 0.053125 0.1765625 0.03125 0.03125
0 0.1578125 0.04765625 0.03515625 0.02578125
0 0.1625 0.06484375 0.02734375 0.0296875