0 0.209375 0.26953125 0.04453125 0.0390625
0 0.17265625 0.265625 0.0390625 0.0390625
0 0.18984375 0.2875 0.02578125 0.03046875
0 0.196875 0.3015625 0.02890625 0.02734375
0 0.0734375 0.3609375 0.034375 0.0390625
0 0.10546875 0.3703125 0.04609375 0.04375
0 0.78515625 0.8671875 0.0390625 0.0390625
0 0.62578125 0.9421875 0.04453125 0.05390625
0 0.60078125 0.91640625 0.04609375 0.0421875
0 0.0859375 0.9109375 0.04765625 0.04765625
0 0.134375 0.60546875 0.034375 0.0421875
0 0.50078125 0.6875 0.040625 0.04375
0 0.690625 0.590625 0.0359375 0.04375
0 0.5828125 0.45546875 0.04375 0.05234375
0 0.59296875 0.55078125 0.03203125 0.0359375
0 0.68515625 0.7140625 0.02734375 0.04453125
0 0.7484375 0.7703125 0.0421875 0.04453125
0 0.72890625 0.803125 0.034375 0.04921875
0 0.425 0.70859375 0.04765625 0.0546875
0 0.425 0.76328125 0.0421875 0.0390625
0 0.4125 0.740625 0.02890625 0.02578125
0 0.8515625 0.09375 0.059375 0.0609375
0 0.3640625 0.04296875 0.05078125 0.04765625
0 0.37890625 0.2921875 0.04609375 0.05234375
0 0.4203125 0.43203125 0.04453125 0.0421875
0 0.53515625 0.16796875 0.034375 0.034375
0 0.77578125 0.5390625 0.04609375 0.05390625
0 0.33046875 0.4390625 0.05625 0.04765625