0 0.8625 0.7765625 0.0359375 0.0453125
0 0.62109375 0.3390625 0.04921875 0.053125
0 0.9734375 0.575 0.03828125 0.03671875
0 0.90078125 0.13984375 0.04375 0.0390625
0 0.75625 0.52109375 0.046875 0.059375
0 0.390625 0.4921875 0.040625 0.046875
0 0.4171875 0.6796875 0.0328125 0.03203125
0 0.29453125 0.65703125 0.0375 0.03515625
0 0.246875 0.73671875 0.02890625 0.02421875
0 0.2265625 0.71484375 0.0421875 0.0421875
0 0.20078125 0.7359375 0.02890625 0.03046875
0 0.2203125 0.75234375 0.03828125 0.03671875
0 0.19375 0.7625 0.034375 0.0421875
0 0.28203125 0.68515625 0.05859375 0.04765625
0 0.540625 0.4875 0.0296875 0.03359375
0 0.55703125 0.5078125 0.03359375 0.04296875
0 0.575 0.51875 0.0375 0.0515625
0 0.66015625 0.0875 0.0734375 0.059375
0 0.81796875 0.0140625 0.0390625 0.028125
0 0.6625 0.97890625 0.05234375 0.0421875
0 0.0984375 0.17421875 0.03046875 0.03828125
0 0.10625 0.14609375 0.03046875 0.03359375
0 0.1265625 0.165625 0.0375 0.03671875
0 0.14375 0.14453125 0.03828125 0.0375
0 0.44921875 0.79375 0.05546875 0.03828125
0 0.54375 0.7578125 0.0421875 0.046875
0 0.44140625 0.45078125 0.04921875 0.04765625
0 0.4328125 0.4234375 0.04453125 0.03828125
0 0.07890625 0.86796875 0.03203125 0.03671875
0 0.375 0.67421875 0.02890625 0.03515625
0 0.39375 0.609375 0.0296875 0.03125
0 0.90234375 0.55859375 0.02890625 0.03125
0 0.053125 0.21796875 0.03671875 0.03671875
0 0.10703125 0.371875 0.03359375 0.04140625
0 0.16953125 0.3640625 0.03125 0.04140625