0 0.3046875 0.19921875 0.04375 0.04453125
0 0.56953125 0.66875 0.0390625 0.0390625
0 0.671875 0.409375 0.0375 0.04375
0 0.70234375 0.26015625 0.02890625 0.034375
0 0.653125 0.92109375 0.0359375 0.03359375
0 0.52265625 0.86328125 0.0453125 0.0421875
0 0.48671875 0.75390625 0.0421875 0.0375
0 0.48984375 0.78359375 0.0390625 0.0359375
0 0.44765625 0.1734375 0.0421875 0.040625
0 0.4765625 0.18515625 0.0359375 0.0375
0 0.78359375 0.746875 0.03515625 0.034375
0 0.7578125 0.75859375 0.03359375 0.02421875
0 0.7546875 0.7328125 0.0421875 0.03359375
0 0.77421875 0.71796875 0.02890625 0.02734375
0 0.68515625 0.58359375 0.05078125 0.05625
0 0.71953125 0.55703125 0.05546875 0.04609375
0 0.73828125 0.52734375 0.040625 0.0390625
0 0.759375 0.51171875 0.03359375 0.03359375
0 0.6984375 0.5203125 0.0390625 0.0421875
0 0.715625 0.4984375 0.0359375 0.03046875
0 0.34375 0.4625 0.04375 0.04453125
0 0.33984375 0.3703125 0.0421875 0.04375
0 0.3734375 0.36484375 0.0390625 0.04375
0 0.3546875 0.39609375 0.05078125 0.04921875
0 0.06015625 0.14296875 0.0390625 0.040625
0 0.253125 0.48203125 0.04765625 0.034375
0 0.1625 0.74296875 0.040625 0.0390625
0 0.17109375 0.76875 0.04609375 0.0421875
0 0.975 0.25859375 0.03515625 0.040625
0 0.86328125 0.38125 0.040625 0.04453125
0 0.82890625 0.4671875 0.03359375 0.040625
0 0.30859375 0.65 0.03203125 0.0390625
0 0.22734375 0.778125 0.03203125 0.040625
0 0.2 0.78671875 0.03203125 0.0375